32,798
61,794
91,803
120,794
150,808
179,794
209,779
238,792
266,788
296,804
326,807
355,792
385,782
414,800
444,800
473,792
503,795
532,787
560,813
590,801
619,806
649,799
679,783
708,804
737,797
767,804
796,795
826,784
856,784
884,798
913,806
943,799
972,800
1002,803
1031,805
1061,802
1090,788
1120,789
1148,795
1177,800
1207,785
1236,790
1266,789
1295,794
1325,797
1355,804
1384,802
1414,801
1443,807
1471,780
1501,795
1530,799
1560,797
1589,777
1619,787
1648,787
1678,799
1707,794
1735,793
1765,798
1794,792
1824,791
1853,785
1883,788
1912,809
1942,784
1971,788
2001,785
2030,806
2060,794
2089,797
2117,815
2147,811
2176,793
2206,791
2236,793
2265,797
2295,796
2324,799
2354,789
2383,791
2411,807
2441,785
2470,791
2500,809
2529,792
2559,799
2588,799
2618,780
2647,801
2677,801
2705,788
2734,791
2764,810
2794,791
2823,804
2853,792
2882,792
2912,814
2941,789
2970,795
3000,793
3029,802
3057,810
3087,816
3117,781
3146,777
3176,795
3205,782
3235,805
3264,795
3294,793
3323,792
3351,807
3381,804
3410,792
3440,797
3469,798
3499,794
3528,789
3558,790
3587,775
3617,800
3645,791
3675,790
3704,805
3734,793
3763,803
3793,794
3822,788
3851,792
3880,803
3910,803
3939,811
3969,787
3998,807
4027,794
4057,810
4086,801
4116,804
4146,812
4175,798
4203,797
4233,804
4262,793
4292,807
4321,801
4351,784
4380,790
4410,807
4439,791
4469,799
4497,791
4526,801
4556,815
4585,816
4615,797
4644,804
4674,794
4704,805
4733,795
4761,799
4791,798
4820,795
4850,799
4879,800
4909,798
4938,814
4968,791
4997,792
5027,791
5056,798
5086,808
5114,794
5143,794
5173,806
5202,799
5232,799
5261,805
5291,807
5320,798
5350,792
5378,793
5408,789
5437,797
5467,799
5496,798
5526,794
5555,799
5585,797
5614,802
5644,796
5672,797
5701,803
5731,803
5760,805
5790,802
5819,796
5849,803
5878,799
5908,797
5937,803
5966,798
5995,803
6025,801
6054,794
6083,801
6113,802
6142,800
6172,799
6202,796
6231,795
6261,799
6289,797
6318,799
6348,807
6377,798
6407,792
6436,816
6466,795
6495,790
6525,795
6553,810
6582,799
6612,803
6641,798
6671,805
6701,791
6730,797
6760,795
6789,792
6819,803
6847,802
6876,789
6906,788
6935,793
6965,808
6994,793
7024,788
7053,792
7083,795
7112,804
7142,808
7170,802
7199,807
7229,806
7258,787
7288,799
7317,796
7347,790
7376,800
7406,790
7436,793
7464,810
7493,798
7523,804
7552,804
7582,792
7612,795
7640,802
7669,795
7699,796
7728,793
7758,782
7787,798
7817,801
7846,802
7876,788
7904,805
7934,797
7963,795
7993,800
8022,794
8052,797
8081,806
8111,793
8140,798
8168,799
8198,798
8227,799
8257,803
8287,808
8316,799
8346,787
8375,791
8405,801
8433,796
8462,797
8492,792
8521,801
8551,809
8580,801
8610,785
8640,784
8669,791
8697,804
8727,803
8756,796
8786,792
8815,802
8845,808
8874,797
8904,787
8933,784
8961,785
8991,797
9021,791
9050,803
9080,810
9109,792
9139,790
9168,786
9198,800
9226,795
9255,783
9285,802
9314,801
9344,809
9373,793
9403,804
9433,781
9462,790
9490,808
9520,802
9549,802
9579,807
9608,799
9638,804
9667,794
9697,794
9726,811
9754,791
9784,792
9814,789
9843,793
9873,796
9902,790
9932,795
9961,808
9991,801
10019,803
